9
24
0,1,北京
1,1,天津
2,1,徐州
3,1,上海
4,1,长春
5,1,沈阳
6,1,大连
7,1,南昌
8,1,长沙
0,3
640,552,645,93
789
0,6
1000,600,720,120
P911
0,1
180,570,600,30
P113
0,1
200,540,570,30
P222
0,3
450,495,565,70
456
0,3
456,125,186,61
123
1,5
700,840,960,120
P78
1,0
200,720,750,30
P77
1,2
500,610,700,90
P113
1,0
500,989,1049,60
P78
1,0
200,989,1049,60
P223
1,2
600,600,660,60
P222
2,3
500,720,800,80
P113
2,1
600,930,990,60
P223
2,3
600,680,740,60
P222
3,0
1500,700,820,120
P112
3,2
600,840,900,60
P223
4,5
400,480,540,60
P77
5,1
700,570,690,120
P77
5,4
500,989,1049,60
P78
6,0
1000,780,900,120
P912
7,3
540,980,1090,110
K999
7,8
400,740,90,790
F456
8,7
320,740,820,80
K888
